P2 = 1, se calculo en2.3126602172851562e-05
P3 = 3, se calculo en0.0001957416534423828
P4 = 4, se calculo en0.0033228397369384766
P5 = 5, se calculo en0.10340428352355957
P6 = 7, se calculo en4.444323539733887
P7 = 8, se calculo en275.92428255081177
P8 = 9, se calculo en23679.55342745781
